   10 base-pairs
...     1 G-C   # ...6>A:...1_:[.DG]G - ...6>B:..20_:[.DC]C
   -1.7268    13.6510    -0.6948  # origin
    0.6170     0.0201    -0.7867  # x-axis
    0.7869    -0.0042     0.6171  # y-axis
    0.0091    -0.9998    -0.0184  # z-axis
...     2 G-C   # ...6>A:...2_:[.DG]G - ...6>B:..19_:[.DC]C
   -2.7507    10.7339    -0.5515  # origin
    0.9531     0.0376    -0.3004  # x-axis
    0.2965     0.0840     0.9513  # y-axis
    0.0610    -0.9958     0.0689  # z-axis
...     3 C-G   # ...6>A:...3_:[.DC]C - ...6>B:..18_:[.DG]G
   -2.3213     7.2530    -0.3545  # origin
    0.8958     0.0270     0.4436  # x-axis
   -0.4443     0.0373     0.8951  # y-axis
    0.0076    -0.9989     0.0455  # z-axis
...     4 A-T   # ...6>A:...4_:[.DA]A - ...6>B:..17_:[.DT]T
   -1.3726     4.8335    -0.4608  # origin
    0.5541     0.1372     0.8211  # x-axis
   -0.8178    -0.0948     0.5677  # y-axis
    0.1557    -0.9860     0.0597  # z-axis
...     5 A-T   # ...6>A:...5_:[.DA]A - ...6>B:..16_:[.DT]T
   -0.8269     1.9486    -0.5359  # origin
   -0.0517     0.0547     0.9972  # x-axis
   -0.9972    -0.0572    -0.0486  # y-axis
    0.0544    -0.9969     0.0575  # z-axis
...     6 A-T   # ...6>A:...6_:[.DA]A - ...6>B:..15_:[.DT]T
    0.4729    -1.1485    -0.0146  # origin
   -0.6966     0.0073     0.7174  # x-axis
   -0.7095    -0.1550    -0.6874  # y-axis
    0.1061    -0.9879     0.1132  # z-axis
...     7 A-T   # ...6>A:...7_:[.DA]A - ...6>B:..14_:[.DT]T
    1.1181    -4.3997    -0.3854  # origin
   -0.9751    -0.1765     0.1343  # x-axis
   -0.1071    -0.1558    -0.9820  # y-axis
    0.1942    -0.9719     0.1330  # z-axis
...     8 C-G   # ...6>A:...8_:[.DC]C - ...6>B:..13_:[.DG]G
    1.9153    -8.2457     0.5363  # origin
   -0.7797    -0.2568    -0.5710  # x-axis
    0.5565     0.1336    -0.8200  # y-axis
    0.2869    -0.9572     0.0387  # z-axis
...     9 G-C   # ...6>A:...9_:[.DG]G - ...6>B:..12_:[.DC]C
    2.5788   -11.3145     0.9522  # origin
   -0.2463    -0.3265    -0.9126  # x-axis
    0.9237     0.2062    -0.3230  # y-axis
    0.2936    -0.9224     0.2507  # z-axis
...    10 G-C   # ...6>A:..10_:[.DG]G - ...6>B:..11_:[.DC]C
    3.0671   -15.4101     1.6282  # origin
    0.2698     0.0413    -0.9620  # x-axis
    0.9316     0.2417     0.2716  # y-axis
    0.2437    -0.9695     0.0268  # z-axis
