   10 base-pairs
...     1 G-C   # ...1>A:...1_:[.DG]G - ...1>B:..20_:[.DC]C
   -1.3894    14.0726    -0.3487  # origin
    0.7806    -0.2878    -0.5549  # x-axis
    0.5759    -0.0138     0.8174  # y-axis
   -0.2429    -0.9576     0.1550  # z-axis
...     2 G-C   # ...1>A:...2_:[.DG]G - ...1>B:..19_:[.DC]C
   -2.8446    11.1127    -0.3858  # origin
    0.9861    -0.0574    -0.1557  # x-axis
    0.1624     0.1427     0.9763  # y-axis
   -0.0338    -0.9881     0.1500  # z-axis
...     3 C-G   # ...1>A:...3_:[.DC]C - ...1>B:..18_:[.DG]G
   -2.4023     7.6807    -0.3127  # origin
    0.8754     0.0537     0.4804  # x-axis
   -0.4834     0.0924     0.8705  # y-axis
    0.0023    -0.9943     0.1068  # z-axis
...     4 A-T   # ...1>A:...4_:[.DA]A - ...1>B:..17_:[.DT]T
   -1.4655     4.9543    -0.5172  # origin
    0.5401     0.1452     0.8290  # x-axis
   -0.8332    -0.0466     0.5510  # y-axis
    0.1187    -0.9883     0.0958  # z-axis
...     5 A-T   # ...1>A:...5_:[.DA]A - ...1>B:..16_:[.DT]T
   -0.8127     2.0855    -0.4017  # origin
   -0.0245     0.0813     0.9964  # x-axis
   -0.9995    -0.0236    -0.0226  # y-axis
    0.0217    -0.9964     0.0818  # z-axis
...     6 A-T   # ...1>A:...6_:[.DA]A - ...1>B:..15_:[.DT]T
    0.6111    -1.2861     0.4311  # origin
   -0.6680     0.0280     0.7436  # x-axis
   -0.7397    -0.1345    -0.6594  # y-axis
    0.0816    -0.9905     0.1105  # z-axis
...     7 A-T   # ...1>A:...7_:[.DA]A - ...1>B:..14_:[.DT]T
    1.3414    -4.6808    -0.0937  # origin
   -0.9644    -0.2020     0.1705  # x-axis
   -0.1525    -0.1018    -0.9831  # y-axis
    0.2160    -0.9741     0.0674  # z-axis
...     8 C-G   # ...1>A:...8_:[.DC]C - ...1>B:..13_:[.DG]G
    2.1235    -8.4526     0.6038  # origin
   -0.8215    -0.2371    -0.5185  # x-axis
    0.5036     0.1246    -0.8549  # y-axis
    0.2673    -0.9635     0.0171  # z-axis
...     9 G-C   # ...1>A:...9_:[.DG]G - ...1>B:..12_:[.DC]C
    2.1505   -11.9716     0.5072  # origin
   -0.3959    -0.0029    -0.9183  # x-axis
    0.9150     0.0832    -0.3947  # y-axis
    0.0775    -0.9965    -0.0303  # z-axis
...    10 G-C   # ...1>A:..10_:[.DG]G - ...1>B:..11_:[.DC]C
    2.8832   -15.1990     0.8563  # origin
    0.2865     0.1092    -0.9518  # x-axis
    0.9422     0.1479     0.3006  # y-axis
    0.1736    -0.9830    -0.0605  # z-axis
