   10 base-pairs
...     1 G-C   # ...2>A:...1_:[.DG]G - ...2>B:..20_:[.DC]C
   -2.4976    13.8257    -0.1584  # origin
    0.6386     0.0725    -0.7661  # x-axis
    0.7646     0.0527     0.6423  # y-axis
    0.0870    -0.9960    -0.0218  # z-axis
...     2 G-C   # ...2>A:...2_:[.DG]G - ...2>B:..19_:[.DC]C
   -2.7374    10.9137    -0.3597  # origin
    0.9799     0.0568    -0.1911  # x-axis
    0.1885     0.0482     0.9809  # y-axis
    0.0649    -0.9972     0.0365  # z-axis
...     3 C-G   # ...2>A:...3_:[.DC]C - ...2>B:..18_:[.DG]G
   -2.5961     7.4675    -0.3784  # origin
    0.8690     0.0119     0.4946  # x-axis
   -0.4947     0.0284     0.8686  # y-axis
   -0.0037    -0.9995     0.0305  # z-axis
...     4 A-T   # ...2>A:...4_:[.DA]A - ...2>B:..17_:[.DT]T
   -1.6016     4.9162    -0.6317  # origin
    0.5224     0.1119     0.8453  # x-axis
   -0.8417    -0.0913     0.5322  # y-axis
    0.1368    -0.9895     0.0465  # z-axis
...     5 A-T   # ...2>A:...5_:[.DA]A - ...2>B:..16_:[.DT]T
   -0.8588     2.0493    -0.5739  # origin
   -0.0365     0.0212     0.9991  # x-axis
   -0.9987    -0.0371    -0.0357  # y-axis
    0.0363    -0.9991     0.0225  # z-axis
...     6 A-T   # ...2>A:...6_:[.DA]A - ...2>B:..15_:[.DT]T
    0.6842    -1.3123     0.2745  # origin
   -0.6591    -0.0048     0.7520  # x-axis
   -0.7466    -0.1155    -0.6551  # y-axis
    0.0900    -0.9933     0.0725  # z-axis
...     7 A-T   # ...2>A:...7_:[.DA]A - ...2>B:..14_:[.DT]T
    1.3315    -4.6415    -0.2177  # origin
   -0.9689    -0.1909     0.1571  # x-axis
   -0.1430    -0.0859    -0.9860  # y-axis
    0.2018    -0.9778     0.0559  # z-axis
...     8 C-G   # ...2>A:...8_:[.DC]C - ...2>B:..13_:[.DG]G
    1.9848    -8.3075     0.8820  # origin
   -0.8583    -0.1795    -0.4807  # x-axis
    0.4701     0.1008    -0.8769  # y-axis
    0.2058    -0.9786    -0.0021  # z-axis
...     9 G-C   # ...2>A:...9_:[.DG]G - ...2>B:..12_:[.DC]C
    1.9216   -11.7606     0.9628  # origin
   -0.3964     0.0366    -0.9173  # x-axis
    0.9149     0.0989    -0.3914  # y-axis
    0.0764    -0.9944    -0.0727  # z-axis
...    10 G-C   # ...2>A:..10_:[.DG]G - ...2>B:..11_:[.DC]C
    2.8755   -15.0749     0.8666  # origin
    0.3272     0.1308    -0.9359  # x-axis
    0.9272     0.1467     0.3447  # y-axis
    0.1824    -0.9805    -0.0733  # z-axis
