   10 base-pairs
...     1 G-C   # ...4>A:...1_:[.DG]G - ...4>B:..20_:[.DC]C
   -1.5513    13.8636    -1.4656  # origin
    0.7123    -0.1806    -0.6782  # x-axis
    0.6915     0.0152     0.7222  # y-axis
   -0.1201    -0.9834     0.1357  # z-axis
...     2 G-C   # ...4>A:...2_:[.DG]G - ...4>B:..19_:[.DC]C
   -2.6426    11.0971    -0.4009  # origin
    0.9699    -0.0151    -0.2432  # x-axis
    0.2432     0.1196     0.9626  # y-axis
    0.0145    -0.9927     0.1197  # z-axis
...     3 C-G   # ...4>A:...3_:[.DC]C - ...4>B:..18_:[.DG]G
   -2.3091     7.4254    -0.4036  # origin
    0.8859     0.0417     0.4620  # x-axis
   -0.4639     0.0690     0.8832  # y-axis
    0.0049    -0.9967     0.0805  # z-axis
...     4 A-T   # ...4>A:...4_:[.DA]A - ...4>B:..17_:[.DT]T
   -1.3901     4.8793    -0.6536  # origin
    0.5502     0.1566     0.8202  # x-axis
   -0.8202    -0.0829     0.5660  # y-axis
    0.1566    -0.9842     0.0829  # z-axis
...     5 A-T   # ...4>A:...5_:[.DA]A - ...4>B:..16_:[.DT]T
   -0.8652     2.0018    -0.6257  # origin
   -0.0467     0.0816     0.9956  # x-axis
   -0.9979    -0.0494    -0.0427  # y-axis
    0.0457    -0.9954     0.0838  # z-axis
...     6 A-T   # ...4>A:...6_:[.DA]A - ...4>B:..15_:[.DT]T
    0.3623    -1.2106     0.1386  # origin
   -0.7009    -0.0008     0.7133  # x-axis
   -0.7051    -0.1506    -0.6930  # y-axis
    0.1079    -0.9886     0.1050  # z-axis
...     7 A-T   # ...4>A:...7_:[.DA]A - ...4>B:..14_:[.DT]T
    1.0494    -4.5506    -0.3002  # origin
   -0.9671    -0.2240     0.1206  # x-axis
   -0.0991    -0.1049    -0.9895  # y-axis
    0.2343    -0.9689     0.0792  # z-axis
...     8 C-G   # ...4>A:...8_:[.DC]C - ...4>B:..13_:[.DG]G
    1.9290    -8.1108     0.5310  # origin
   -0.7995    -0.2477    -0.5473  # x-axis
    0.5247     0.1559    -0.8369  # y-axis
    0.2926    -0.9562     0.0053  # z-axis
...     9 G-C   # ...4>A:...9_:[.DG]G - ...4>B:..12_:[.DC]C
    2.4034   -11.3531     1.1131  # origin
   -0.3003    -0.2861    -0.9099  # x-axis
    0.8935     0.2495    -0.3734  # y-axis
    0.3339    -0.9251     0.1807  # z-axis
...    10 G-C   # ...4>A:..10_:[.DG]G - ...4>B:..11_:[.DC]C
    2.9378   -15.3828     1.4280  # origin
    0.2026     0.0948    -0.9747  # x-axis
    0.9452     0.2414     0.2200  # y-axis
    0.2562    -0.9658    -0.0407  # z-axis
