   12 base-pairs
...     1 C-G   # A:...1_:[.DC]C - B:..24_:[.DG]G
   16.4872    25.7591    26.2481  # origin
   -0.9958     0.0524     0.0751  # x-axis
    0.0160     0.9072    -0.4203  # y-axis
   -0.0901    -0.4174    -0.9043  # z-axis
...     2 G-C   # A:...2_:[.DG]G - B:..23_:[.DC]C
   16.0760    24.4789    23.0685  # origin
   -0.7346     0.6571    -0.1691  # x-axis
    0.6654     0.6491    -0.3687  # y-axis
   -0.1325    -0.3833    -0.9141  # z-axis
...     3 C-G   # A:...3_:[.DC]C - B:..22_:[.DG]G
   15.3704    23.8225    19.5639  # origin
   -0.1525     0.9155    -0.3724  # x-axis
    0.9561     0.0413    -0.2900  # y-axis
   -0.2501    -0.4003    -0.8816  # z-axis
...     4 A-T   # A:...4_:[.DA]A - B:..21_:[.DT]T
   16.0063    22.2749    16.4913  # origin
    0.3619     0.8464    -0.3906  # x-axis
    0.9082    -0.4146    -0.0569  # y-axis
   -0.2101    -0.3342    -0.9188  # z-axis
...     5 A-T   # A:...5_:[.DA]A - B:..20_:[.DT]T
   14.7898    21.5311    13.4816  # origin
    0.7943     0.5173    -0.3187  # x-axis
    0.5832    -0.7961     0.1615  # y-axis
   -0.1702    -0.3142    -0.9340  # z-axis
...     6 A-T   # A:...6_:[.DA]A - B:..19_:[.DT]T
   14.6819    20.6560    10.0839  # origin
    0.9817    -0.0954    -0.1646  # x-axis
   -0.0438    -0.9553     0.2925  # y-axis
   -0.1851    -0.2799    -0.9420  # z-axis
...     7 A-T   # A:...7_:[.DA]A - B:..18_:[.DT]T
   14.2212    20.2873     7.0512  # origin
    0.7952    -0.6002     0.0865  # x-axis
   -0.5918    -0.7371     0.3264  # y-axis
   -0.1322    -0.3107    -0.9413  # z-axis
...     8 A-T   # A:...8_:[.DA]A - B:..17_:[.DT]T
   13.5095    19.5019     3.6230  # origin
    0.2432    -0.9308     0.2729  # x-axis
   -0.9612    -0.1935     0.1966  # y-axis
   -0.1302    -0.3101    -0.9417  # z-axis
...     9 T-A   # A:...9_:[.DT]T - B:..16_:[.DA]A
   13.7501    19.1357     0.3120  # origin
   -0.3574    -0.8912     0.2792  # x-axis
   -0.9238     0.3812     0.0342  # y-axis
   -0.1369    -0.2457    -0.9596  # z-axis
...    10 G-C   # A:..10_:[.DG]G - B:..15_:[.DC]C
   12.0772    18.1426    -2.6586  # origin
   -0.8278    -0.5117     0.2300  # x-axis
   -0.5460     0.8289    -0.1213  # y-axis
   -0.1286    -0.2260    -0.9656  # z-axis
...    11 C-G   # A:..11_:[.DC]C - B:..14_:[.DG]G
   13.1245    18.2594    -6.1312  # origin
   -0.9969     0.0762    -0.0212  # x-axis
    0.0781     0.9907    -0.1115  # y-axis
    0.0125    -0.1128    -0.9935  # z-axis
...    12 G-C   # A:..12_:[.DG]G - B:..13_:[.DC]C
   12.4997    18.5187    -9.4893  # origin
   -0.7790     0.6238    -0.0633  # x-axis
    0.6260     0.7682    -0.1339  # y-axis
   -0.0349    -0.1439    -0.9890  # z-axis
