   12 base-pairs
...     1 C-G   # A:...1_:[.DC]C - B:..24_:[.DG]G
   19.0639    33.5288     0.1810  # origin
    0.7479     0.1377     0.6494  # x-axis
    0.5875     0.3183    -0.7440  # y-axis
   -0.3091     0.9379     0.1572  # z-axis
...     2 G-C   # A:...2_:[.DG]G - B:..23_:[.DC]C
   18.5398    37.5589    -0.8800  # origin
    0.9747     0.2018     0.0960  # x-axis
    0.0410     0.2607    -0.9646  # y-axis
   -0.2197     0.9441     0.2458  # z-axis
...     3 C-G   # A:...3_:[.DC]C - B:..22_:[.DG]G
   18.4272    41.1605    -1.3978  # origin
    0.6873     0.4277    -0.5872  # x-axis
   -0.6377    -0.0319    -0.7696  # y-axis
   -0.3479     0.9034     0.2508  # z-axis
...     4 G-C   # A:...4_:[.DG]G - B:..21_:[.DC]C
   16.6239    43.5296    -0.6435  # origin
    0.3375     0.2414    -0.9099  # x-axis
   -0.9024    -0.1922    -0.3857  # y-axis
   -0.2679     0.9512     0.1530  # z-axis
...     5 A-T   # A:...5_:[.DA]A - B:..20_:[.DT]T
   16.0866    46.6637    -0.4901  # origin
   -0.3331     0.0339    -0.9423  # x-axis
   -0.8851    -0.3558     0.3001  # y-axis
   -0.3251     0.9339     0.1485  # z-axis
...     6 A-T   # A:...6_:[.DA]A - B:..19_:[.DT]T
   15.4336    49.9313     0.1418  # origin
   -0.7895    -0.0764    -0.6090  # x-axis
   -0.5600    -0.3167     0.7656  # y-axis
   -0.2514     0.9454     0.2072  # z-axis
...     7 A-T   # A:...7_:[.DA]A - B:..18_:[.DT]T
   14.8293    53.2918     0.2964  # origin
   -0.9808    -0.1950    -0.0070  # x-axis
    0.0318    -0.1953     0.9802  # y-axis
   -0.1925     0.9612     0.1978  # z-axis
...     8 A-T   # A:...8_:[.DA]A - B:..17_:[.DT]T
   13.7368    56.5956     0.7236  # origin
   -0.7492    -0.3031     0.5890  # x-axis
    0.6050     0.0491     0.7947  # y-axis
   -0.2698     0.9517     0.1466  # z-axis
...     9 A-T   # A:...9_:[.DA]A - B:..16_:[.DT]T
   12.9682    59.8331     1.0384  # origin
   -0.2916    -0.2458     0.9244  # x-axis
    0.9153     0.2090     0.3443  # y-axis
   -0.2778     0.9465     0.1640  # z-axis
...    10 A-T   # A:..10_:[.DA]A - B:..15_:[.DT]T
   12.3508    62.5565     1.8290  # origin
    0.2638    -0.1136     0.9579  # x-axis
    0.9565     0.1593    -0.2445  # y-axis
   -0.1248     0.9807     0.1507  # z-axis
...    11 C-G   # A:..11_:[.DC]C - B:..14_:[.DG]G
   11.6932    65.4424     2.7584  # origin
    0.7834    -0.1105     0.6116  # x-axis
    0.6161     0.2684    -0.7406  # y-axis
   -0.0823     0.9570     0.2783  # z-axis
...    12 G-C   # A:..12_:[.DG]G - B:..13_:[.DC]C
   12.0191    68.7214     4.9833  # origin
    0.9921    -0.0244     0.1229  # x-axis
    0.1233     0.3639    -0.9232  # y-axis
   -0.0222     0.9311     0.3641  # z-axis
