   10 base-pairs
...     1 G-C   # ..1.>A:...1_:[.DG]G - ..1.>B:..20_:[.DC]C
   -2.5062    15.2448    -1.9934  # origin
    0.6445    -0.2502    -0.7225  # x-axis
    0.7630     0.1507     0.6285  # y-axis
   -0.0484    -0.9564     0.2881  # z-axis
...     2 G-C   # ..1.>A:...2_:[.DG]G - ..1.>B:..19_:[.DC]C
   -3.2054    11.8230    -1.0724  # origin
    0.9465     0.0157    -0.3223  # x-axis
    0.3095     0.2384     0.9205  # y-axis
    0.0913    -0.9710     0.2208  # z-axis
...     3 C-G   # ..1.>A:...3_:[.DC]C - ..1.>B:..18_:[.DG]G
   -2.4946     8.2835    -0.4862  # origin
    0.9042     0.1034     0.4145  # x-axis
   -0.4254     0.1296     0.8957  # y-axis
    0.0388    -0.9862     0.1612  # z-axis
...     4 A-T   # ..1.>A:...4_:[.DA]A - ..1.>B:..17_:[.DT]T
   -1.4653     5.2286    -0.3132  # origin
    0.5369     0.1338     0.8329  # x-axis
   -0.8367    -0.0416     0.5461  # y-axis
    0.1077    -0.9901     0.0897  # z-axis
...     5 A-T   # ..1.>A:...5_:[.DA]A - ..1.>B:..16_:[.DT]T
   -0.7683     2.2828    -0.1923  # origin
   -0.0628     0.0366     0.9974  # x-axis
   -0.9979     0.0108    -0.0633  # y-axis
   -0.0130    -0.9993     0.0358  # z-axis
...     6 A-T   # ..1.>A:...6_:[.DA]A - ..1.>B:..15_:[.DT]T
    0.4321    -1.2753     0.4820  # origin
   -0.6962     0.0114     0.7178  # x-axis
   -0.7162    -0.0797    -0.6933  # y-axis
    0.0494    -0.9968     0.0637  # z-axis
...     7 A-T   # ..1.>A:...7_:[.DA]A - ..1.>B:..14_:[.DT]T
    1.0104    -4.6596    -0.1693  # origin
   -0.9772    -0.1714     0.1250  # x-axis
   -0.1192    -0.0440    -0.9919  # y-axis
    0.1755    -0.9842     0.0226  # z-axis
...     8 C-G   # ..1.>A:...8_:[.DC]C - ..1.>B:..13_:[.DG]G
    1.8728    -8.2235     0.8222  # origin
   -0.8404    -0.1695    -0.5148  # x-axis
    0.4947     0.1483    -0.8563  # y-axis
    0.2214    -0.9743    -0.0408  # z-axis
...     9 G-C   # ..1.>A:...9_:[.DG]G - ..1.>B:..12_:[.DC]C
    3.1274   -12.1689     0.9362  # origin
   -0.2258     0.0544    -0.9727  # x-axis
    0.9726     0.0700    -0.2218  # y-axis
    0.0561    -0.9961    -0.0687  # z-axis
...    10 G-C   # ..1.>A:..10_:[.DG]G - ..1.>B:..11_:[.DC]C
    3.9054   -15.4916     0.6224  # origin
    0.3438     0.1317    -0.9297  # x-axis
    0.9216     0.1423     0.3610  # y-axis
    0.1798    -0.9810    -0.0724  # z-axis
