   12 base-pairs
...     1 C-G   # A:...1_:[.DC]C - B:..24_:[.DG]G
   17.2871    26.7449    26.2125  # origin
   -0.9870    -0.0276     0.1584  # x-axis
   -0.0976     0.8860    -0.4532  # y-axis
   -0.1279    -0.4628    -0.8772  # z-axis
...     2 G-C   # A:...2_:[.DG]G - B:..23_:[.DC]C
   16.5838    25.1531    22.6557  # origin
   -0.7677     0.6217    -0.1552  # x-axis
    0.6290     0.6848    -0.3680  # y-axis
   -0.1225    -0.3801    -0.9168  # z-axis
...     3 C-G   # A:...3_:[.DC]C - B:..22_:[.DG]G
   16.0109    24.3489    19.1075  # origin
   -0.1795     0.8797    -0.4403  # x-axis
    0.9756     0.1015    -0.1949  # y-axis
   -0.1267    -0.4646    -0.8764  # z-axis
...     4 A-T   # A:...4_:[.DA]A - B:..21_:[.DT]T
   16.3667    22.7488    16.4181  # origin
    0.4208     0.8403    -0.3419  # x-axis
    0.8923    -0.4513    -0.0110  # y-axis
   -0.1635    -0.3004    -0.9397  # z-axis
...     5 A-T   # A:...5_:[.DA]A - B:..20_:[.DT]T
   15.6680    21.7492    13.4105  # origin
    0.8341     0.4732    -0.2834  # x-axis
    0.5330    -0.8238     0.1931  # y-axis
   -0.1421    -0.3122    -0.9394  # z-axis
...     6 A-T   # A:...6_:[.DA]A - B:..19_:[.DT]T
   14.8043    20.7124    10.2289  # origin
    0.9715    -0.2025    -0.1234  # x-axis
   -0.1536    -0.9339     0.3228  # y-axis
   -0.1806    -0.2947    -0.9384  # z-axis
...     7 A-T   # A:...7_:[.DA]A - B:..18_:[.DT]T
   14.6907    20.5243     6.7727  # origin
    0.7614    -0.6447     0.0682  # x-axis
   -0.6425    -0.7365     0.2117  # y-axis
   -0.0862    -0.2050    -0.9750  # z-axis
...     8 A-T   # A:...8_:[.DA]A - B:..17_:[.DT]T
   14.1951    19.6219     3.7297  # origin
    0.2509    -0.9411     0.2267  # x-axis
   -0.9574    -0.2068     0.2014  # y-axis
   -0.1427    -0.2676    -0.9529  # z-axis
...     9 A-T   # A:...9_:[.DA]A - B:..16_:[.DT]T
   14.1498    19.2833     0.4969  # origin
   -0.4847    -0.8531     0.1931  # x-axis
   -0.8728     0.4862    -0.0426  # y-axis
   -0.0575    -0.1892    -0.9803  # z-axis
...    10 G-C   # A:..10_:[.DG]G - B:..15_:[.DC]C
   12.8299    18.4867    -2.5563  # origin
   -0.8411    -0.4614     0.2822  # x-axis
   -0.5048     0.8571    -0.1030  # y-axis
   -0.1943    -0.2291    -0.9538  # z-axis
...    11 C-G   # A:..11_:[.DC]C - B:..14_:[.DG]G
   13.4002    18.4623    -6.3104  # origin
   -0.9958     0.0918     0.0052  # x-axis
    0.0908     0.9909    -0.0989  # y-axis
   -0.0142    -0.0981    -0.9951  # z-axis
...    12 G-C   # A:..12_:[.DG]G - B:..13_:[.DC]C
   13.1777    18.3233    -9.7433  # origin
   -0.7443     0.6661     0.0479  # x-axis
    0.6451     0.7357    -0.2064  # y-axis
   -0.1728    -0.1227    -0.9773  # z-axis
