   10 base-pairs
...     1 C-G   # A:...1_:[.DC]C - B:..20_:[.DG]G
    1.9286    18.5245     7.0648  # origin
    0.1519    -0.5915    -0.7919  # x-axis
    0.1110     0.8063    -0.5810  # y-axis
    0.9821     0.0004     0.1882  # z-axis
...     2 C-G   # A:...2_:[.DC]C - B:..19_:[.DG]G
    5.0624    18.5002     7.4947  # origin
    0.1394    -0.1615    -0.9770  # x-axis
    0.1371     0.9803    -0.1425  # y-axis
    0.9807    -0.1141     0.1588  # z-axis
...     3 A-T   # A:...3_:[.DA]A - B:..18_:[.DT]T
    8.5838    18.5764     7.7367  # origin
    0.0624     0.5358    -0.8420  # x-axis
    0.0426     0.8414     0.5387  # y-axis
    0.9971    -0.0695     0.0297  # z-axis
...     4 T-A   # A:...4_:[.DT]T - B:..17_:[.DA]A
   11.8708    17.7891     7.7140  # origin
    0.0070     0.8750    -0.4841  # x-axis
   -0.0201     0.4841     0.8748  # y-axis
    0.9998     0.0036     0.0210  # z-axis
...     5 T-A   # A:...5_:[.DT]T - B:..16_:[.DA]A
   14.9973    18.0027     7.1184  # origin
    0.0130     0.9923     0.1231  # x-axis
    0.0043    -0.1232     0.9924  # y-axis
    0.9999    -0.0124    -0.0058  # z-axis
...     6 A-T   # A:...6_:[.DA]A - B:..15_:[.DT]T
   18.4846    18.3938     7.1122  # origin
   -0.0581     0.7300     0.6810  # x-axis
    0.0354    -0.6802     0.7321  # y-axis
    0.9977     0.0666     0.0137  # z-axis
...     7 A-T   # A:...7_:[.DA]A - B:..14_:[.DT]T
   21.4905    18.3657     7.0447  # origin
   -0.0791     0.2082     0.9749  # x-axis
   -0.0434    -0.9777     0.2053  # y-axis
    0.9959    -0.0261     0.0864  # z-axis
...     8 T-A   # A:...8_:[.DT]T - B:..13_:[.DA]A
   25.0595    19.2437     7.0288  # origin
   -0.0075    -0.3890     0.9212  # x-axis
    0.1014    -0.9168    -0.3863  # y-axis
    0.9948     0.0905     0.0464  # z-axis
...     9 G-C   # A:...9_:[.DG]G - B:..12_:[.DC]C
   28.3180    18.3389     6.7139  # origin
   -0.0725    -0.8555     0.5126  # x-axis
    0.1257    -0.5177    -0.8462  # y-axis
    0.9894     0.0031     0.1451  # z-axis
...    10 G-C   # A:..10_:[.DG]G - B:..11_:[.DC]C
   31.6587    18.3354     6.5928  # origin
   -0.0301    -0.9991     0.0290  # x-axis
    0.1509    -0.0332    -0.9880  # y-axis
    0.9881    -0.0254     0.1518  # z-axis
