   12 base-pairs
...     1 C-G   # A:...1_:[.DC]C - B:..24_:[.DG]G
    8.8411    -4.6720     6.8453  # origin
   -0.7942     0.5791     0.1841  # x-axis
   -0.2895    -0.6270     0.7233  # y-axis
    0.5342     0.5211     0.6656  # z-axis
...     2 A-T   # A:...2_:[.DA]A - B:..23_:[.DT]T
    9.8270    -1.6543     8.3666  # origin
   -0.8775     0.1004     0.4689  # x-axis
    0.1946    -0.8191     0.5396  # y-axis
    0.4382     0.5648     0.6993  # z-axis
...     3 T-A   # A:...3_:[.DT]T - B:..22_:[.DA]A
   10.4039     1.8989    10.0113  # origin
   -0.6235    -0.3654     0.6912  # x-axis
    0.6443    -0.7409     0.1896  # y-axis
    0.4428     0.5635     0.6974  # z-axis
...     4 G-C   # A:...4_:[.DG]G - B:..21_:[.DC]C
   10.6733     5.0789    11.8345  # origin
   -0.2893    -0.7001     0.6528  # x-axis
    0.8578    -0.4923    -0.1479  # y-axis
    0.4250     0.5172     0.7429  # z-axis
...     5 G-C   # A:...5_:[.DG]G - B:..20_:[.DC]C
   10.7855     7.5598    14.7327  # origin
    0.2177    -0.8742     0.4340  # x-axis
    0.8839    -0.0120    -0.4675  # y-axis
    0.4139     0.4854     0.7701  # z-axis
...     6 G-C   # A:...6_:[.DG]G - B:..19_:[.DC]C
   10.9948     8.1995    18.3522  # origin
    0.6324    -0.7721     0.0630  # x-axis
    0.6457     0.4804    -0.5935  # y-axis
    0.4280     0.4160     0.8023  # z-axis
...     7 C-G   # A:...7_:[.DC]C - B:..18_:[.DG]G
   11.5876     9.1495    21.2986  # origin
    0.8333    -0.4576    -0.3102  # x-axis
    0.2476     0.8106    -0.5306  # y-axis
    0.4942     0.3654     0.7888  # z-axis
...     8 C-G   # A:...8_:[.DC]C - B:..17_:[.DG]G
   13.5083     9.0750    24.1639  # origin
    0.8121     0.0377    -0.5823  # x-axis
   -0.2341     0.9351    -0.2661  # y-axis
    0.5345     0.3524     0.7682  # z-axis
...     9 C-G   # A:...9_:[.DC]C - B:..16_:[.DG]G
   16.1944     9.0312    26.8501  # origin
    0.5241     0.5311    -0.6658  # x-axis
   -0.6522     0.7530     0.0872  # y-axis
    0.5476     0.3886     0.7410  # z-axis
...    10 A-T   # A:..10_:[.DA]A - B:..15_:[.DT]T
   19.3946     9.7566    28.6162  # origin
    0.0733     0.7983    -0.5977  # x-axis
   -0.8246     0.3856     0.4139  # y-axis
    0.5610     0.4626     0.6866  # z-axis
...    11 T-A   # A:..11_:[.DT]T - B:..14_:[.DA]A
   22.9467    10.6328    29.9939  # origin
   -0.3639     0.8937    -0.2625  # x-axis
   -0.7482    -0.1126     0.6538  # y-axis
    0.5548     0.4343     0.7096  # z-axis
...    12 G-C   # A:..12_:[.DG]G - B:..13_:[.DC]C
   26.0556    11.5918    31.1635  # origin
   -0.7124     0.6899    -0.1286  # x-axis
   -0.5581    -0.4457     0.6999  # y-axis
    0.4256     0.5704     0.7025  # z-axis
