   12 base-pairs
...     1 C-G   # A:...1_:[.DC]C - B:..24_:[.DG]G
    8.8937    -5.3261    26.3721  # origin
    0.9871    -0.1601    -0.0028  # x-axis
   -0.1475    -0.9021    -0.4056  # y-axis
    0.0624     0.4008    -0.9140  # z-axis
...     2 G-C   # A:...2_:[.DG]G - B:..23_:[.DC]C
    8.7253    -3.7378    23.7802  # origin
    0.7238    -0.6636    -0.1890  # x-axis
   -0.6881    -0.6741    -0.2687  # y-axis
    0.0509     0.3245    -0.9445  # z-axis
...     3 C-G   # A:...3_:[.DC]C - B:..22_:[.DG]G
    9.3732    -3.0261    20.0465  # origin
    0.1849    -0.8798    -0.4380  # x-axis
   -0.9787    -0.1242    -0.1637  # y-axis
    0.0896     0.4589    -0.8840  # z-axis
...     4 G-C   # A:...4_:[.DG]G - B:..21_:[.DC]C
    8.8445    -1.5282    17.4418  # origin
   -0.3629    -0.8647    -0.3472  # x-axis
   -0.9252     0.3786     0.0240  # y-axis
    0.1107     0.3300    -0.9375  # z-axis
...     5 A-T   # A:...5_:[.DA]A - B:..20_:[.DT]T
    9.3172    -0.5904    14.1396  # origin
   -0.8379    -0.4822    -0.2560  # x-axis
   -0.5360     0.8156     0.2181  # y-axis
    0.1036     0.3199    -0.9418  # z-axis
...     6 T-A   # A:...6_:[.DT]T - B:..19_:[.DA]A
    9.5876    -0.2764    10.8695  # origin
   -0.9855     0.1448    -0.0878  # x-axis
    0.1137     0.9500     0.2910  # y-axis
    0.1256     0.2768    -0.9527  # z-axis
...     7 A-T   # A:...7_:[.DA]A - B:..18_:[.DT]T
    9.7295     0.0921     7.3913  # origin
   -0.7546     0.6359     0.1620  # x-axis
    0.6500     0.6906     0.3169  # y-axis
    0.0897     0.3444    -0.9345  # z-axis
...     8 T-A   # A:...8_:[.DT]T - B:..17_:[.DA]A
    9.5855     0.5647     4.1763  # origin
   -0.3201     0.9181     0.2336  # x-axis
    0.9404     0.2780     0.1959  # y-axis
    0.1149     0.2824    -0.9524  # z-axis
...     9 C-G   # A:...9_:[.DC]C - B:..16_:[.DG]G
    9.8386     1.2403     0.9017  # origin
    0.4548     0.8652     0.2112  # x-axis
    0.8870    -0.4612    -0.0208  # y-axis
    0.0795     0.1968    -0.9772  # z-axis
...    10 G-C   # A:..10_:[.DG]G - B:..15_:[.DC]C
   11.3014     1.7822    -1.9423  # origin
    0.7584     0.5796     0.2981  # x-axis
    0.6138    -0.7890    -0.0275  # y-axis
    0.2193     0.2038    -0.9542  # z-axis
...    11 C-G   # A:..11_:[.DC]C - B:..14_:[.DG]G
   10.9219     1.1983    -5.6879  # origin
    0.9873    -0.0899     0.1306  # x-axis
   -0.0862    -0.9957    -0.0338  # y-axis
    0.1331     0.0221    -0.9909  # z-axis
...    12 G-C   # A:..12_:[.DG]G - B:..13_:[.DC]C
   11.6875     1.1723    -8.9778  # origin
    0.7796    -0.6242    -0.0504  # x-axis
   -0.6236    -0.7663    -0.1547  # y-axis
    0.0579     0.1520    -0.9867  # z-axis
