   12 base-pairs
...     1 C-G   # A:...1_:[.DC]C - B:..24_:[.DG]G
   15.6473    24.9735    26.7957  # origin
   -0.9902     0.1353    -0.0347  # x-axis
    0.1361     0.8778    -0.4593  # y-axis
   -0.0316    -0.4595    -0.8876  # z-axis
...     2 G-C   # A:...2_:[.DG]G - B:..23_:[.DC]C
   15.3688    23.7657    23.0556  # origin
   -0.7653     0.6216    -0.1669  # x-axis
    0.6294     0.6686    -0.3960  # y-axis
   -0.1346    -0.4081    -0.9030  # z-axis
...     3 C-G   # A:...3_:[.DC]C - B:..22_:[.DG]G
   15.0793    22.6402    19.7353  # origin
   -0.2273     0.8701    -0.4373  # x-axis
    0.9635     0.1357    -0.2307  # y-axis
   -0.1414    -0.4738    -0.8692  # z-axis
...     4 A-T   # A:...4_:[.DA]A - B:..21_:[.DT]T
   15.1684    21.4464    16.7414  # origin
    0.3547     0.8373    -0.4160  # x-axis
    0.9226    -0.3856     0.0107  # y-axis
   -0.1515    -0.3875    -0.9093  # z-axis
...     5 T-A   # A:...5_:[.DT]T - B:..20_:[.DA]A
   14.5629    20.7212    13.5091  # origin
    0.8034     0.4880    -0.3411  # x-axis
    0.5812    -0.7671     0.2715  # y-axis
   -0.1291    -0.4164    -0.9000  # z-axis
...     6 A-T   # A:...6_:[.DA]A - B:..19_:[.DT]T
   13.5621    20.0547     9.9831  # origin
    0.9850    -0.0597    -0.1617  # x-axis
   -0.0070    -0.9511     0.3089  # y-axis
   -0.1722    -0.3031    -0.9373  # z-axis
...     7 T-A   # A:...7_:[.DT]T - B:..18_:[.DA]A
   14.1877    19.3988     6.8985  # origin
    0.8365    -0.5440     0.0664  # x-axis
   -0.5311    -0.7748     0.3430  # y-axis
   -0.1352    -0.3222    -0.9370  # z-axis
...     8 A-T   # A:...8_:[.DA]A - B:..17_:[.DT]T
   12.7258    18.7378     3.6552  # origin
    0.2294    -0.9089     0.3483  # x-axis
   -0.9699    -0.1835     0.1601  # y-axis
   -0.0817    -0.3746    -0.9236  # z-axis
...     9 T-A   # A:...9_:[.DT]T - B:..16_:[.DA]A
   12.5498    17.9434     0.5930  # origin
   -0.4001    -0.8804     0.2544  # x-axis
   -0.9127     0.4079    -0.0237  # y-axis
   -0.0829    -0.2417    -0.9668  # z-axis
...    10 G-C   # A:..10_:[.DG]G - B:..15_:[.DC]C
   10.9877    17.4876    -2.5655  # origin
   -0.7116    -0.5838     0.3909  # x-axis
   -0.6634     0.7416    -0.0999  # y-axis
   -0.2316    -0.3304    -0.9150  # z-axis
...    11 C-G   # A:..11_:[.DC]C - B:..14_:[.DG]G
   11.6917    17.8886    -6.5326  # origin
   -0.9899     0.1191    -0.0768  # x-axis
    0.1246     0.9896    -0.0722  # y-axis
    0.0674    -0.0810    -0.9944  # z-axis
...    12 G-C   # A:..12_:[.DG]G - B:..13_:[.DC]C
   11.3754    17.9129    -9.8954  # origin
   -0.7180     0.6178    -0.3206  # x-axis
    0.6808     0.7192    -0.1388  # y-axis
    0.1449    -0.3179    -0.9370  # z-axis
