   12 base-pairs
...     1 C-G   # A:...1_:[.DC]C - B:..24_:[.DG]G
   16.7064    26.3716    91.2122  # origin
   -0.9835     0.1297     0.1259  # x-axis
    0.0756     0.9278    -0.3653  # y-axis
   -0.1642    -0.3497    -0.9223  # z-axis
...     2 G-C   # A:...2_:[.DG]G - B:..23_:[.DC]C
   16.4634    25.3588    87.9494  # origin
   -0.7450     0.6652    -0.0500  # x-axis
    0.6219     0.6655    -0.4127  # y-axis
   -0.2413    -0.3386    -0.9095  # z-axis
...     3 C-G   # A:...3_:[.DC]C - B:..22_:[.DG]G
   15.7137    24.7863    84.5461  # origin
   -0.1662     0.9018    -0.3989  # x-axis
    0.9636     0.0625    -0.2601  # y-axis
   -0.2096    -0.4276    -0.8793  # z-axis
...     4 A-T   # A:...4_:[.DA]A - B:..21_:[.DT]T
   15.7166    23.3026    81.7593  # origin
    0.3234     0.8513    -0.4132  # x-axis
    0.8976    -0.4142    -0.1509  # y-axis
   -0.2996    -0.3221    -0.8980  # z-axis
...     5 A-T   # A:...5_:[.DA]A - B:..20_:[.DT]T
   14.8622    22.2970    78.5686  # origin
    0.8019     0.4688    -0.3705  # x-axis
    0.5504    -0.8208     0.1528  # y-axis
   -0.2324    -0.3264    -0.9162  # z-axis
...     6 A-T   # A:...6_:[.DA]A - B:..19_:[.DT]T
   14.4484    21.3939    75.3554  # origin
    0.9890    -0.1122    -0.0966  # x-axis
   -0.0713    -0.9328     0.3533  # y-axis
   -0.1298    -0.3426    -0.9305  # z-axis
...     7 T-A   # A:...7_:[.DT]T - B:..18_:[.DA]A
   14.2029    21.0517    71.9374  # origin
    0.8414    -0.5311     0.0996  # x-axis
   -0.5298    -0.7744     0.3458  # y-axis
   -0.1066    -0.3437    -0.9330  # z-axis
...     8 T-A   # A:...8_:[.DT]T - B:..17_:[.DA]A
   13.7443    20.1782    68.5657  # origin
    0.2997    -0.9038     0.3056  # x-axis
   -0.9486    -0.2483     0.1961  # y-axis
   -0.1013    -0.3486    -0.9318  # z-axis
...     9 T-A   # A:...9_:[.DT]T - B:..16_:[.DA]A
   13.5004    19.1661    65.4632  # origin
   -0.3537    -0.8855     0.3014  # x-axis
   -0.9350     0.3432    -0.0891  # y-axis
   -0.0246    -0.3133    -0.9493  # z-axis
...    10 G-C   # A:..10_:[.DG]G - B:..15_:[.DC]C
   12.0280    18.4569    62.5297  # origin
   -0.7722    -0.5797     0.2600  # x-axis
   -0.6226     0.7720    -0.1281  # y-axis
   -0.1265    -0.2608    -0.9571  # z-axis
...    11 C-G   # A:..11_:[.DC]C - B:..14_:[.DG]G
   12.4314    18.4037    58.7059  # origin
   -0.9985     0.0390    -0.0391  # x-axis
    0.0465     0.9752    -0.2162  # y-axis
    0.0297    -0.2177    -0.9756  # z-axis
...    12 G-C   # A:..12_:[.DG]G - B:..13_:[.DC]C
   12.3346    18.2788    55.0198  # origin
   -0.7655     0.5748    -0.2892  # x-axis
    0.6304     0.7601    -0.1576  # y-axis
    0.1292    -0.3030    -0.9442  # z-axis
