   10 base-pairs
...     1 G-C   # ...5>A:...1_:[.DG]G - ...5>B:..20_:[.DC]C
   -2.3059    13.8986    -0.3710  # origin
    0.6860     0.0592    -0.7252  # x-axis
    0.7227     0.0610     0.6885  # y-axis
    0.0850    -0.9964    -0.0009  # z-axis
...     2 G-C   # ...5>A:...2_:[.DG]G - ...5>B:..19_:[.DC]C
   -2.9231    11.0253    -0.4329  # origin
    0.9706     0.0613    -0.2326  # x-axis
    0.2300     0.0472     0.9720  # y-axis
    0.0706    -0.9970     0.0318  # z-axis
...     3 C-G   # ...5>A:...3_:[.DC]C - ...5>B:..18_:[.DG]G
   -2.6260     7.4995    -0.3698  # origin
    0.8632     0.0100     0.5048  # x-axis
   -0.5049     0.0159     0.8630  # y-axis
    0.0006    -0.9998     0.0187  # z-axis
...     4 A-T   # ...5>A:...4_:[.DA]A - ...5>B:..17_:[.DT]T
   -1.5896     4.8960    -0.6122  # origin
    0.5063     0.0996     0.8566  # x-axis
   -0.8492    -0.1152     0.5153  # y-axis
    0.1500    -0.9883     0.0263  # z-axis
...     5 A-T   # ...5>A:...5_:[.DA]A - ...5>B:..16_:[.DT]T
   -0.7998     2.0452    -0.5975  # origin
   -0.0447    -0.0007     0.9990  # x-axis
   -0.9976    -0.0532    -0.0446  # y-axis
    0.0532    -0.9986     0.0017  # z-axis
...     6 A-T   # ...5>A:...6_:[.DA]A - ...5>B:..15_:[.DT]T
    0.7988    -1.2485     0.1779  # origin
   -0.6500     0.0070     0.7599  # x-axis
   -0.7547    -0.1235    -0.6444  # y-axis
    0.0894    -0.9923     0.0856  # z-axis
...     7 A-T   # ...5>A:...7_:[.DA]A - ...5>B:..14_:[.DT]T
    1.3570    -4.5455    -0.2569  # origin
   -0.9693    -0.1575     0.1888  # x-axis
   -0.1723    -0.1126    -0.9786  # y-axis
    0.1754    -0.9811     0.0820  # z-axis
...     8 C-G   # ...5>A:...8_:[.DC]C - ...5>B:..13_:[.DG]G
    1.7785    -8.3750     1.0221  # origin
   -0.9044    -0.1672    -0.3926  # x-axis
    0.3840     0.0821    -0.9197  # y-axis
    0.1860    -0.9825    -0.0101  # z-axis
...     9 G-C   # ...5>A:...9_:[.DG]G - ...5>B:..12_:[.DC]C
    2.0072   -11.7826     1.0413  # origin
   -0.4143    -0.0070    -0.9101  # x-axis
    0.9066     0.0849    -0.4134  # y-axis
    0.0801    -0.9964    -0.0289  # z-axis
...    10 G-C   # ...5>A:..10_:[.DG]G - ...5>B:..11_:[.DC]C
    2.6526   -15.0519     1.2522  # origin
    0.2705     0.0964    -0.9579  # x-axis
    0.9490     0.1409     0.2821  # y-axis
    0.1622    -0.9853    -0.0533  # z-axis
