   10 base-pairs
...     1 G-C   # ...7>A:...1_:[.DG]G - ...7>B:..20_:[.DC]C
   -2.3934    15.1250    -2.1552  # origin
    0.6778    -0.1893    -0.7104  # x-axis
    0.7348     0.2083     0.6455  # y-axis
    0.0258    -0.9596     0.2803  # z-axis
...     2 G-C   # ...7>A:...2_:[.DG]G - ...7>B:..19_:[.DC]C
   -3.1137    11.7062    -0.8509  # origin
    0.9388     0.0709    -0.3370  # x-axis
    0.3168     0.2052     0.9260  # y-axis
    0.1348    -0.9761     0.1702  # z-axis
...     3 C-G   # ...7>A:...3_:[.DC]C - ...7>B:..18_:[.DG]G
   -2.2991     7.8958    -0.5818  # origin
    0.9102     0.0938     0.4034  # x-axis
   -0.4104     0.0736     0.9089  # y-axis
    0.0556    -0.9929     0.1055  # z-axis
...     4 A-T   # ...7>A:...4_:[.DA]A - ...7>B:..17_:[.DT]T
   -1.3199     5.1319    -0.5723  # origin
    0.5527     0.1174     0.8251  # x-axis
   -0.8248    -0.0648     0.5617  # y-axis
    0.1194    -0.9910     0.0610  # z-axis
...     5 A-T   # ...7>A:...5_:[.DA]A - ...7>B:..16_:[.DT]T
   -0.7763     2.2319    -0.5128  # origin
   -0.0495     0.0379     0.9981  # x-axis
   -0.9988    -0.0050    -0.0493  # y-axis
    0.0031    -0.9993     0.0381  # z-axis
...     6 A-T   # ...7>A:...6_:[.DA]A - ...7>B:..15_:[.DT]T
    0.3274    -1.2565     0.2299  # origin
   -0.6970    -0.0187     0.7168  # x-axis
   -0.7101    -0.1205    -0.6937  # y-axis
    0.0993    -0.9925     0.0707  # z-axis
...     7 A-T   # ...7>A:...7_:[.DA]A - ...7>B:..14_:[.DT]T
    0.8555    -4.5651    -0.3327  # origin
   -0.9724    -0.2098     0.1018  # x-axis
   -0.0889    -0.0701    -0.9936  # y-axis
    0.2156    -0.9752     0.0495  # z-axis
...     8 C-G   # ...7>A:...8_:[.DC]C - ...7>B:..13_:[.DG]G
    1.7547    -8.1125     0.6814  # origin
   -0.8254    -0.2552    -0.5036  # x-axis
    0.4755     0.1666    -0.8638  # y-axis
    0.3043    -0.9524    -0.0162  # z-axis
...     9 G-C   # ...7>A:...9_:[.DG]G - ...7>B:..12_:[.DC]C
    2.5043   -11.3627     1.1511  # origin
   -0.2856    -0.2190    -0.9330  # x-axis
    0.8941     0.2896    -0.3416  # y-axis
    0.3450    -0.9318     0.1131  # z-axis
...    10 G-C   # ...7>A:..10_:[.DG]G - ...7>B:..11_:[.DC]C
    2.9942   -15.4306     0.9423  # origin
    0.1332     0.1916    -0.9724  # x-axis
    0.9597     0.2200     0.1748  # y-axis
    0.2474    -0.9565    -0.1545  # z-axis
