   12 base-pairs
...     1 A-T   # A:...1_:[.DA]A - B:..24_:[.DT]T
   18.0197    -0.1992     0.8932  # origin
   -0.0175    -0.2114     0.9772  # x-axis
   -0.1795     0.9622     0.2049  # y-axis
   -0.9836    -0.1718    -0.0548  # z-axis
...     2 C-G   # A:...2_:[.DC]C - B:..23_:[.DG]G
   15.0028    -0.7668     0.2897  # origin
   -0.1435     0.3419     0.9287  # x-axis
   -0.0895     0.9301    -0.3563  # y-axis
   -0.9856    -0.1343    -0.1029  # z-axis
...     3 C-G   # A:...3_:[.DC]C - B:..22_:[.DG]G
   11.6161    -0.2037     0.3285  # origin
   -0.1489     0.8096     0.5679  # x-axis
   -0.0694     0.5643    -0.8227  # y-axis
   -0.9864    -0.1619    -0.0278  # z-axis
...     4 G-C   # A:...4_:[.DG]G - B:..21_:[.DC]C
    8.4937    -0.8440    -0.6577  # origin
   -0.0750     0.9972     0.0002  # x-axis
    0.0565     0.0045    -0.9984  # y-axis
   -0.9956    -0.0749    -0.0566  # z-axis
...     5 A-T   # A:...5_:[.DA]A - B:..20_:[.DT]T
    5.1151    -0.9468    -0.4657  # origin
   -0.0302     0.7784    -0.6270  # x-axis
    0.0689    -0.6242    -0.7782  # y-axis
   -0.9972    -0.0667    -0.0348  # z-axis
...     6 A-T   # A:...6_:[.DA]A - B:..19_:[.DT]T
    1.7042    -0.5206    -0.1672  # origin
    0.0249     0.2611    -0.9650  # x-axis
    0.1010    -0.9610    -0.2574  # y-axis
   -0.9946    -0.0911    -0.0503  # z-axis
...     7 T-A   # A:...7_:[.DT]T - B:..18_:[.DA]A
   -1.6876     0.1327     0.1800  # origin
    0.0707    -0.2338    -0.9697  # x-axis
    0.1166    -0.9635     0.2409  # y-axis
   -0.9907    -0.1301    -0.0409  # z-axis
...     8 T-A   # A:...8_:[.DT]T - B:..17_:[.DA]A
   -5.1229     0.1263    -0.0685  # origin
    0.1362    -0.7854    -0.6038  # x-axis
    0.0348    -0.6053     0.7952  # y-axis
   -0.9901    -0.1293    -0.0551  # z-axis
...     9 C-G   # A:...9_:[.DC]C - B:..16_:[.DG]G
   -8.4310    -0.4704     0.2140  # origin
    0.1109    -0.9899     0.0883  # x-axis
   -0.0042     0.0884     0.9961  # y-axis
   -0.9938    -0.1108     0.0056  # z-axis
...    10 G-C   # A:..10_:[.DG]G - B:..15_:[.DC]C
  -11.6197    -0.6010     0.7974  # origin
    0.0950    -0.8539     0.5117  # x-axis
   -0.1182     0.5007     0.8575  # y-axis
   -0.9884    -0.1420    -0.0534  # z-axis
...    11 G-C   # A:..11_:[.DG]G - B:..14_:[.DC]C
  -14.7357     0.0689     0.3086  # origin
    0.0706    -0.3767     0.9236  # x-axis
   -0.0386     0.9242     0.3799  # y-axis
   -0.9968    -0.0625     0.0507  # z-axis
...    12 T-A   # A:..12_:[.DT]T - B:..13_:[.DA]A
  -18.0732    -0.6152     1.0149  # origin
   -0.0309     0.1660     0.9856  # x-axis
   -0.1671     0.9714    -0.1688  # y-axis
   -0.9855    -0.1699    -0.0023  # z-axis
