   12 base-pairs
...     1 C-G   # A:...1_:[.DC]C - B:..24_:[.DG]G
   17.0255    26.2770    90.6840  # origin
   -0.9875    -0.0084     0.1576  # x-axis
   -0.0636     0.9350    -0.3489  # y-axis
   -0.1444    -0.3545    -0.9238  # z-axis
...     2 G-C   # A:...2_:[.DG]G - B:..23_:[.DC]C
   16.4371    25.6456    87.1821  # origin
   -0.7405     0.6615    -0.1185  # x-axis
    0.6566     0.6746    -0.3372  # y-axis
   -0.1432    -0.3275    -0.9339  # z-axis
...     3 C-G   # A:...3_:[.DC]C - B:..22_:[.DG]G
   15.8316    24.6605    83.9045  # origin
   -0.2537     0.8812    -0.3990  # x-axis
    0.9469     0.1421    -0.2883  # y-axis
   -0.1973    -0.4510    -0.8705  # z-axis
...     4 A-T   # A:...4_:[.DA]A - B:..21_:[.DT]T
   15.9730    22.6359    81.1388  # origin
    0.2798     0.8940    -0.3499  # x-axis
    0.9469    -0.3171    -0.0529  # y-axis
   -0.1582    -0.3165    -0.9353  # z-axis
...     5 A-T   # A:...5_:[.DA]A - B:..20_:[.DT]T
   15.1615    21.7261    77.6318  # origin
    0.8086     0.5159    -0.2828  # x-axis
    0.5728    -0.8001     0.1781  # y-axis
   -0.1344    -0.3060    -0.9425  # z-axis
...     6 A-T   # A:...6_:[.DA]A - B:..19_:[.DT]T
   14.0401    21.3880    74.9111  # origin
    0.9928    -0.1163    -0.0287  # x-axis
   -0.1000    -0.9367     0.3356  # y-axis
   -0.0659    -0.3303    -0.9416  # z-axis
...     7 T-A   # A:...7_:[.DT]T - B:..18_:[.DA]A
   14.4792    20.7811    71.0919  # origin
    0.7937    -0.5931     0.1347  # x-axis
   -0.6038    -0.7415     0.2926  # y-axis
   -0.0737    -0.3136    -0.9467  # z-axis
...     8 T-A   # A:...8_:[.DT]T - B:..17_:[.DA]A
   14.2895    20.3210    67.7684  # origin
    0.3486    -0.9107     0.2216  # x-axis
   -0.9298    -0.3062     0.2042  # y-axis
   -0.1182    -0.2772    -0.9535  # z-axis
...     9 T-A   # A:...9_:[.DT]T - B:..16_:[.DA]A
   13.9700    18.8815    64.8406  # origin
   -0.3127    -0.8718     0.3770  # x-axis
   -0.9483     0.3090    -0.0720  # y-axis
   -0.0538    -0.3801    -0.9234  # z-axis
...    10 G-C   # A:..10_:[.DG]G - B:..15_:[.DC]C
   12.2068    18.8583    62.1817  # origin
   -0.8109    -0.5430     0.2183  # x-axis
   -0.5724     0.8136    -0.1024  # y-axis
   -0.1221    -0.2080    -0.9705  # z-axis
...    11 C-G   # A:..11_:[.DC]C - B:..14_:[.DG]G
   12.8338    18.1662    58.3035  # origin
   -0.9979    -0.0217    -0.0608  # x-axis
   -0.0145     0.9931    -0.1163  # y-axis
    0.0629    -0.1152    -0.9913  # z-axis
...    12 G-C   # A:..12_:[.DG]G - B:..13_:[.DC]C
   13.2422    18.4435    54.8239  # origin
   -0.7739     0.6247    -0.1041  # x-axis
    0.6310     0.7467    -0.2102  # y-axis
   -0.0536    -0.2284    -0.9721  # z-axis
