   10 base-pairs
...     1 G-C   # ...3>A:...1_:[.DG]G - ...3>B:..20_:[.DC]C
   -2.3103    14.9054    -2.4521  # origin
    0.6651    -0.2011    -0.7191  # x-axis
    0.7467     0.1839     0.6392  # y-axis
    0.0037    -0.9622     0.2725  # z-axis
...     2 G-C   # ...3>A:...2_:[.DG]G - ...3>B:..19_:[.DC]C
   -3.2697    11.5840    -1.3368  # origin
    0.9425     0.0288    -0.3330  # x-axis
    0.3174     0.2353     0.9186  # y-axis
    0.1048    -0.9715     0.2126  # z-axis
...     3 C-G   # ...3>A:...3_:[.DC]C - ...3>B:..18_:[.DG]G
   -2.5493     7.9302    -0.8073  # origin
    0.9083     0.0595     0.4140  # x-axis
   -0.4182     0.1110     0.9016  # y-axis
    0.0077    -0.9920     0.1257  # z-axis
...     4 A-T   # ...3>A:...4_:[.DA]A - ...3>B:..17_:[.DT]T
   -1.6842     5.0953    -0.4066  # origin
    0.5189     0.0996     0.8490  # x-axis
   -0.8514    -0.0291     0.5237  # y-axis
    0.0769    -0.9946     0.0697  # z-axis
...     5 A-T   # ...3>A:...5_:[.DA]A - ...3>B:..16_:[.DT]T
   -0.9685     2.1371    -0.0993  # origin
   -0.0775     0.0065     0.9970  # x-axis
   -0.9970     0.0064    -0.0776  # y-axis
   -0.0069    -1.0000     0.0060  # z-axis
...     6 A-T   # ...3>A:...6_:[.DA]A - ...3>B:..15_:[.DT]T
    0.5232    -1.3609     0.8469  # origin
   -0.6926    -0.0622     0.7186  # x-axis
   -0.7161    -0.0609    -0.6954  # y-axis
    0.0870    -0.9962    -0.0024  # z-axis
...     7 A-T   # ...3>A:...7_:[.DA]A - ...3>B:..14_:[.DT]T
    1.3055    -4.5021    -0.0433  # origin
   -0.9745    -0.1820     0.1315  # x-axis
   -0.1309    -0.0155    -0.9913  # y-axis
    0.1825    -0.9832    -0.0088  # z-axis
...     8 C-G   # ...3>A:...8_:[.DC]C - ...3>B:..13_:[.DG]G
    1.8511    -8.3888     0.6815  # origin
   -0.8671    -0.0800    -0.4916  # x-axis
    0.4754     0.1617    -0.8648  # y-axis
    0.1487    -0.9836    -0.1021  # z-axis
...     9 G-C   # ...3>A:...9_:[.DG]G - ...3>B:..12_:[.DC]C
    2.5686   -11.6162     0.3476  # origin
   -0.3647     0.0603    -0.9292  # x-axis
    0.9282     0.1023    -0.3577  # y-axis
    0.0735    -0.9929    -0.0933  # z-axis
...    10 G-C   # ...3>A:..10_:[.DG]G - ...3>B:..11_:[.DC]C
    3.3834   -14.9290     0.4262  # origin
    0.3167     0.1659    -0.9339  # x-axis
    0.9319     0.1290     0.3390  # y-axis
    0.1767    -0.9777    -0.1137  # z-axis
