   12 base-pairs
...     1 G-C   # A:...1_:[.DG]G - B:..24_:[.DC]C
    7.0570    -1.0530     4.2420  # origin
   -0.9263    -0.0113    -0.3766  # x-axis
   -0.0680    -0.9781     0.1966  # y-axis
   -0.3706     0.2077     0.9053  # z-axis
...     2 G-C   # A:...2_:[.DG]G - B:..23_:[.DC]C
    6.4798     0.1420     7.1234  # origin
   -0.7551    -0.5971    -0.2709  # x-axis
    0.5054    -0.7932     0.3397  # y-axis
   -0.4177     0.1196     0.9007  # z-axis
...     3 C-G   # A:...3_:[.DC]C - B:..22_:[.DG]G
    4.9265     1.1193     9.4317  # origin
   -0.3588    -0.9334     0.0036  # x-axis
    0.8324    -0.3182     0.4538  # y-axis
   -0.4224     0.1658     0.8911  # z-axis
...     4 A-T   # A:...4_:[.DA]A - B:..21_:[.DT]T
    2.9556     1.1846    11.8351  # origin
    0.2198    -0.9649     0.1435  # x-axis
    0.8744     0.2600     0.4097  # y-axis
   -0.4326     0.0354     0.9009  # z-axis
...     5 A-T   # A:...5_:[.DA]A - B:..20_:[.DT]T
    1.2077     0.7881    14.2401  # origin
    0.7012    -0.6207     0.3509  # x-axis
    0.5863     0.7820     0.2116  # y-axis
   -0.4057     0.0573     0.9122  # z-axis
...     6 A-T   # A:...6_:[.DA]A - B:..19_:[.DT]T
   -0.6095     0.3770    16.9352  # origin
    0.8927    -0.0581     0.4469  # x-axis
    0.0755     0.9969    -0.0211  # y-axis
   -0.4443     0.0526     0.8943  # z-axis
...     7 A-T   # A:...7_:[.DA]A - B:..18_:[.DT]T
   -1.6493    -0.4626    19.9272  # origin
    0.7474     0.5557     0.3642  # x-axis
   -0.4609     0.8285    -0.3182  # y-axis
   -0.4785     0.0700     0.8753  # z-axis
...     8 A-T   # A:...8_:[.DA]A - B:..17_:[.DT]T
   -2.3945    -0.7552    23.0121  # origin
    0.3352     0.9349     0.1165  # x-axis
   -0.7999     0.3478    -0.4890  # y-axis
   -0.4977     0.0708     0.8644  # z-axis
...     9 A-T   # A:...9_:[.DA]A - B:..16_:[.DT]T
   -3.3657    -0.8040    26.1515  # origin
   -0.2153     0.9459    -0.2428  # x-axis
   -0.8182    -0.3104    -0.4839  # y-axis
   -0.5331     0.0945     0.8408  # z-axis
...    10 C-G   # A:..10_:[.DC]C - B:..15_:[.DG]G
   -4.0339    -0.6640    29.3916  # origin
   -0.6731     0.5577    -0.4858  # x-axis
   -0.4622    -0.8299    -0.3123  # y-axis
   -0.5773     0.0143     0.8164  # z-axis
...    11 G-C   # A:..11_:[.DG]G - B:..14_:[.DC]C
   -5.1328     0.2229    31.8368  # origin
   -0.7489     0.0633    -0.6597  # x-axis
   -0.1288    -0.9903     0.0512  # y-axis
   -0.6501     0.1233     0.7498  # z-axis
...    12 G-C   # A:..12_:[.DG]G - B:..13_:[.DC]C
   -6.8881     1.0360    34.2317  # origin
   -0.5788    -0.4882    -0.6533  # x-axis
    0.3376    -0.8726     0.3529  # y-axis
   -0.7423    -0.0163     0.6698  # z-axis
