   10 base-pairs
...     1 G-C   # ...8>A:...1_:[.DG]G - ...8>B:..20_:[.DC]C
   -1.9957    13.7979    -0.5446  # origin
    0.6639     0.0388    -0.7468  # x-axis
    0.7478    -0.0226     0.6636  # y-axis
    0.0089    -0.9990    -0.0440  # z-axis
...     2 G-C   # ...8>A:...2_:[.DG]G - ...8>B:..19_:[.DC]C
   -2.7146    10.8542    -0.4175  # origin
    0.9839     0.0264    -0.1769  # x-axis
    0.1751     0.0609     0.9827  # y-axis
    0.0368    -0.9978     0.0553  # z-axis
...     3 C-G   # ...8>A:...3_:[.DC]C - ...8>B:..18_:[.DG]G
   -2.6087     7.4212    -0.3792  # origin
    0.8628    -0.0010     0.5056  # x-axis
   -0.5054     0.0301     0.8624  # y-axis
   -0.0160    -0.9995     0.0255  # z-axis
...     4 A-T   # ...8>A:...4_:[.DA]A - ...8>B:..17_:[.DT]T
   -1.6167     4.8719    -0.6020  # origin
    0.5088     0.0931     0.8558  # x-axis
   -0.8510    -0.0958     0.5163  # y-axis
    0.1301    -0.9910     0.0304  # z-axis
...     5 A-T   # ...8>A:...5_:[.DA]A - ...8>B:..16_:[.DT]T
   -0.8774     2.0409    -0.5971  # origin
   -0.0458    -0.0062     0.9989  # x-axis
   -0.9987    -0.0231    -0.0460  # y-axis
    0.0233    -0.9997    -0.0052  # z-axis
...     6 A-T   # ...8>A:...6_:[.DA]A - ...8>B:..15_:[.DT]T
    0.6803    -1.2831     0.2208  # origin
   -0.6435     0.0084     0.7654  # x-axis
   -0.7613    -0.1107    -0.6389  # y-axis
    0.0794    -0.9938     0.0776  # z-axis
...     7 A-T   # ...8>A:...7_:[.DA]A - ...8>B:..14_:[.DT]T
    1.0953    -4.5846    -0.1802  # origin
   -0.9719    -0.1469     0.1838  # x-axis
   -0.1677    -0.1151    -0.9791  # y-axis
    0.1650    -0.9824     0.0873  # z-axis
...     8 C-G   # ...8>A:...8_:[.DC]C - ...8>B:..13_:[.DG]G
    1.7568    -8.3830     1.0664  # origin
   -0.8640    -0.1942    -0.4646  # x-axis
    0.4604     0.0690    -0.8850  # y-axis
    0.2039    -0.9785     0.0298  # z-axis
...     9 G-C   # ...8>A:...9_:[.DG]G - ...8>B:..12_:[.DC]C
    2.6331   -11.8295     0.8909  # origin
   -0.3454     0.0127    -0.9384  # x-axis
    0.9365     0.0701    -0.3437  # y-axis
    0.0614    -0.9975    -0.0361  # z-axis
...    10 G-C   # ...8>A:..10_:[.DG]G - ...8>B:..11_:[.DC]C
    3.6063   -15.1227     0.9450  # origin
    0.3276     0.0850    -0.9410  # x-axis
    0.9310     0.1404     0.3369  # y-axis
    0.1608    -0.9864    -0.0331  # z-axis
