   12 base-pairs
...     1 C-G   # A:...1_:[.DC]C - B:..12_:[.DG]G
   -0.6798    12.6443    13.7455  # origin
   -0.7590    -0.6311     0.1600  # x-axis
   -0.4987     0.7216     0.4802  # y-axis
   -0.4185     0.2847    -0.8624  # z-axis
...     2 T-A   # A:...2_:[.DT]T - B:..11_:[.DA]A
   -0.9354    12.0492    10.0508  # origin
   -0.8758    -0.2483     0.4139  # x-axis
   -0.0729     0.9158     0.3950  # y-axis
   -0.4771     0.3157    -0.8202  # z-axis
...     3 A-T   # A:...3_:[.DA]A - B:..10_:[.DT]T
   -2.2684    11.6946     7.0459  # origin
   -0.7013     0.1648     0.6936  # x-axis
    0.3438     0.9305     0.1265  # y-axis
   -0.6245     0.3272    -0.7092  # z-axis
...     4 C-G   # A:...4_:[.DC]C - B:...9_:[.DG]G
   -5.5074    11.7820     5.3702  # origin
   -0.3450     0.6536     0.6736  # x-axis
    0.6684     0.6749    -0.3125  # y-axis
   -0.6589     0.3425    -0.6697  # z-axis
...     5 G-C   # A:...5_:[.DG]G - B:...8_:[.DC]C
   -9.0585    12.1377     4.2000  # origin
    0.1176     0.7826     0.6113  # x-axis
    0.7277     0.3509    -0.5893  # y-axis
   -0.6757     0.5141    -0.5283  # z-axis
...     6 C-G   # A:...6_:[.DC]C - B:...7_:[.DG]G
  -12.2569    13.2507     3.1207  # origin
    0.5949     0.7660     0.2436  # x-axis
    0.5012    -0.1165    -0.8575  # y-axis
   -0.6285     0.6322    -0.4532  # z-axis
...     7 G-C   # A:...7_:[.DG]G - B:...6_:[.DC]C
  -13.9509    16.8229     3.6477  # origin
    0.8819     0.4707    -0.0243  # x-axis
    0.1857    -0.3943    -0.9000  # y-axis
   -0.4332     0.7892    -0.4352  # z-axis
...     8 C-G   # A:...8_:[.DC]C - B:...5_:[.DG]G
  -15.8032    20.5321     4.6996  # origin
    0.9474     0.1500    -0.2829  # x-axis
   -0.1634    -0.5333    -0.8300  # y-axis
   -0.2753     0.8325    -0.4808  # z-axis
...     9 G-C   # A:...9_:[.DG]G - B:...4_:[.DC]C
  -14.4866    24.1652     3.2915  # origin
    0.6778    -0.4184    -0.6046  # x-axis
   -0.7295    -0.2800    -0.6241  # y-axis
    0.0919     0.8640    -0.4950  # z-axis
...    10 T-A   # A:..10_:[.DT]T - B:...3_:[.DA]A
  -13.6907    27.3425     2.8162  # origin
    0.2219    -0.5819    -0.7824  # x-axis
   -0.9696    -0.0466    -0.2404  # y-axis
    0.1035     0.8119    -0.5746  # z-axis
...    11 A-T   # A:..11_:[.DA]A - B:...2_:[.DT]T
  -12.1991    28.8742     0.2913  # origin
   -0.2950    -0.7485    -0.5939  # x-axis
   -0.9525     0.2798     0.1204  # y-axis
    0.0760     0.6012    -0.7955  # z-axis
...    12 G-C   # A:..12_:[.DG]G - B:...1_:[.DC]C
  -10.7689    29.4901    -2.8592  # origin
   -0.7385    -0.4938    -0.4591  # x-axis
   -0.6631     0.6554     0.3616  # y-axis
    0.1223     0.5715    -0.8115  # z-axis
