   10 base-pairs
...     1 C-G   # A:...1_:[.DC]C - B:..20_:[.DG]G
    7.3566    21.3779     2.8725  # origin
    0.4934    -0.3138    -0.8113  # x-axis
    0.2393    -0.8477     0.4734  # y-axis
   -0.8363    -0.4276    -0.3432  # z-axis
...     2 C-G   # A:...2_:[.DC]C - B:..19_:[.DG]G
    4.8636    19.7133     1.8725  # origin
    0.5948    -0.7263    -0.3445  # x-axis
   -0.2223    -0.5605     0.7978  # y-axis
   -0.7725    -0.3980    -0.4948  # z-axis
...     3 G-C   # A:...3_:[.DG]G - B:..18_:[.DC]C
    2.0994    17.4661     1.1573  # origin
    0.4191    -0.8787     0.2286  # x-axis
   -0.5536    -0.0478     0.8314  # y-axis
   -0.7196    -0.4750    -0.5065  # z-axis
...     4 G-C   # A:...4_:[.DG]G - B:..17_:[.DC]C
   -1.0679    16.6501    -0.3281  # origin
    0.0392    -0.7116     0.7015  # x-axis
   -0.6688     0.5029     0.5475  # y-axis
   -0.7424    -0.4906    -0.4562  # z-axis
...     5 C-G   # A:...5_:[.DC]C - B:..16_:[.DG]G
   -3.9103    14.5747    -1.4262  # origin
   -0.3946    -0.2843     0.8738  # x-axis
   -0.5769     0.8168     0.0053  # y-axis
   -0.7152    -0.5020    -0.4863  # z-axis
...     6 G-C   # A:...6_:[.DG]G - B:..15_:[.DC]C
   -6.5280    13.7387    -2.9164  # origin
   -0.5152     0.2023     0.8329  # x-axis
   -0.3357     0.8465    -0.4133  # y-axis
   -0.7886    -0.4925    -0.3682  # z-axis
...     7 C-G   # A:...7_:[.DC]C - B:..14_:[.DG]G
   -9.0992    11.6250    -4.8900  # origin
   -0.6519     0.6561     0.3801  # x-axis
    0.0930     0.5667    -0.8186  # y-axis
   -0.7525    -0.4983    -0.4305  # z-axis
...     8 C-G   # A:...8_:[.DC]C - B:..13_:[.DG]G
  -12.0429    10.7190    -6.6629  # origin
   -0.3741     0.8930    -0.2501  # x-axis
    0.4365    -0.0684    -0.8971  # y-axis
   -0.8182    -0.4448    -0.3642  # z-axis
...     9 G-C   # A:...9_:[.DG]G - B:..12_:[.DC]C
  -14.3748     9.6007    -8.9409  # origin
   -0.0853     0.8340    -0.5451  # x-axis
    0.4609    -0.4520    -0.7637  # y-axis
   -0.8833    -0.3164    -0.3459  # z-axis
...    10 G-C   # A:..10_:[.DG]G - B:..11_:[.DC]C
  -16.4569     7.0785   -10.9114  # origin
    0.3064     0.3025    -0.9026  # x-axis
    0.4193    -0.8941    -0.1573  # y-axis
   -0.8546    -0.3303    -0.4008  # z-axis
